1807 6
      1808 4
      1809 21
      1810 53
      1811 423
      1812 377
      1813 489
      1814 969
      1815 347
      1816 128
      1817 738
      1818 24
      1819 36
      1820 28
      1822 29
      1823 26
      1824 173
      1825 305
      1826 855
      1827 90
      1828 578
      1829 116
      1831 97
      1832 774
      1833 396
      1834 217
      1835 22
      1836 371
      1837 60
      1838 75
      1839 1603
      1840 334
      1841 87
      1842 392
      1844 21
      1845 118
      1847 8
      1848 35
      1849 3
      1855 149
      1856 112
      1857 177
      1858 231
      1859 110
      1860 266
      1861 2
      1866 23
      1870 1
      