1807 6
      1808 4
      1809 2
      1810 17
      1811 64
      1812 321
      1813 412
      1814 516
      1815 208
      1816 94
      1817 455
      1818 15
      1819 11
      1820 2
      1823 6
      1824 16
      1825 185
      1826 720
      1827 89
      1828 356
      1829 8
      1831 87
      1832 12
      1833 297
      1834 69
      1836 174
      1837 3
      1838 27
      1839 154
      1840 193
      1841 1
      1842 17
      1844 17
      1845 111
      1847 6
      1848 26
      1855 144
      1856 105
      1857 168
      1858 220
      1859 91
      1860 256
      1861 1
      1866 1
      1870 1
      