1477	0.554637626736763	1
670	0.251595944423582	2
204	0.0766053323319564	3
117	0.0439354111903868	4
54	0.0202778820878708	5
34	0.0127675553886594	6
24	0.0090123920390537	7
18	0.00675929402929027	8
17	0.0063837776943297	9
6	0.00225309800976342	10
6	0.00225309800976342	11
8	0.00300413067968457	12
7	0.002628614344724	13
1	0.000375516334960571	14
1	0.000375516334960571	15
2	0.000751032669921142	16
1	0.000375516334960571	17
3	0.00112654900488171	19
2	0.000751032669921142	21
1	0.000375516334960571	22
2	0.000751032669921142	24
2	0.000751032669921142	28
2	0.000751032669921142	31
1	0.000375516334960571	39
1	0.000375516334960571	40
1	0.000375516334960571	43
1	0.000375516334960571	52
