439	0.209646609360076	1
1321	0.630850047755492	2
79	0.0377268385864374	3
141	0.0673352435530086	4
34	0.0162368672397326	5
36	0.0171919770773639	6
12	0.00573065902578797	7
7	0.00334288443170965	8
4	0.00191021967526266	9
4	0.00191021967526266	10
2	0.000955109837631328	11
3	0.00143266475644699	12
2	0.000955109837631328	13
1	0.000477554918815664	14
1	0.000477554918815664	15
3	0.00143266475644699	16
1	0.000477554918815664	17
1	0.000477554918815664	18
1	0.000477554918815664	19
1	0.000477554918815664	20
1	0.000477554918815664	34
