   10160 1804
   12145 1804
    9737 1804
   95024 1806
  104434 1807
  189457 1807
   45921 1807
   59674 1807
   69682 1807
   85650 1807
   10949 1808
   12726 1808
   12778 1808
   13412 1808
   13596 1808
   13811 1808
   13888 1808
   15633 1808
   17445 1808
   21704 1808
   29150 1808
   45801 1808
  526856 1808
    7630 1808
    8101 1808
    9318 1808
   10675 1809
   12952 1809
   13848 1809
   14445 1809
   14487 1809
   14497 1809
   14499 1809
   14594 1809
   20073 1809
   21190 1809
   23175 1809
   26324 1809
   39469 1809
  486408 1809
   58015 1809
    9228 1809
    9504 1809
    9605 1809
   10054 1810
   12032 1810
   12280 1810
   13254 1810
   15550 1810
   25705 1810
  259581 1810
   27993 1810
   29853 1810
   34659 1810
   34659 1810
   39442 1810
   55836 1810
    7370 1810
   83869 1810
    8440 1810
   10404 1811
   13199 1811
   26167 1811
   27659 1811
   28396 1811
   28764 1811
  358850 1811
   36040 1811
   36090 1811
  626515 1811
   10991 1812
 1153617 1812
  123569 1812
   15854 1812
   21704 1812
   22928 1812
   24339 1812
   46905 1812
   55392 1812
   10475 1813
   11766 1813
  134858 1813
   15516 1813
   18854 1813
  222995 1813
   52949 1813
   72914 1813
  139545 1814
   16239 1814
  186129 1814
  220924 1814
  330185 1814
  500851 1814
   59199 1814
  144868 1815
   16034 1815
   16657 1815
   17611 1815
   18208 1815
   20570 1815
  242354 1815
   26764 1815
   45105 1815
  551973 1815
  563419 1815
   62213 1815
   92059 1815
  925096 1815
  106891 1816
   13025 1816
   13738 1816
  189741 1816
  194775 1816
   19516 1816
   19567 1816
   20261 1816
  217165 1816
   23677 1816
   27373 1816
   28243 1816
   28402 1816
   28702 1816
   30247 1816
   36333 1816
   38005 1816
   41580 1816
   48824 1816
   56146 1816
   57046 1816
    6614 1816
   97519 1816
   10181 1817
  110103 1817
   11517 1817
   11892 1817
   12297 1817
   13019 1817
   13710 1817
  146234 1817
  160611 1817
   16379 1817
  167429 1817
 1742985 1817
  186425 1817
   19584 1817
  200479 1817
   20115 1817
   20313 1817
   21067 1817
   21813 1817
   22045 1817
   22333 1817
   23749 1817
   24359 1817
   31644 1817
   31937 1817
   37301 1817
   39718 1817
   43473 1817
   44423 1817
   45722 1817
   46575 1817
   48197 1817
   54109 1817
   56758 1817
   56770 1817
   66372 1817
   81206 1817
    8346 1817
    9448 1817
    9580 1817
   11700 1818
 1256754 1818
   14888 1818
   15586 1818
   35769 1818
   47313 1818
   59135 1818
  791027 1818
  901618 1818
  941246 1818
    9621 1818
 1015627 1819
   20241 1819
   22551 1819
   25769 1819
  352109 1819
   49811 1819
   50332 1819
   61737 1819
   61860 1819
   65681 1819
   79496 1819
   10113 1820
   12327 1820
   12598 1820
   12943 1820
   13804 1820
   18821 1820
  683999 1820
   19983 1822
   11570 1823
   12148 1823
   12219 1823
   12435 1823
   15730 1823
   18547 1823
   18710 1823
   28122 1823
   12518 1824
   17504 1824
   23299 1824
  298509 1824
   30901 1824
   32506 1824
   69756 1824
   11772 1825
  136713 1825
   13975 1825
  155892 1825
   18448 1825
   19024 1825
   21149 1825
   23792 1825
   24634 1825
   36015 1825
   37635 1825
   52054 1825
    9660 1825
    9683 1825
  103847 1826
  111674 1826
  131039 1826
  145441 1826
   16405 1826
   18075 1826
   19291 1826
   19609 1826
   21219 1826
   21334 1826
  318639 1826
   44130 1826
   67794 1826
   73202 1826
  805108 1826
   84350 1826
  115965 1827
  121452 1827
  409968 1827
   63434 1827
   78693 1827
   11603 1828
  121045 1828
  127209 1828
   32167 1828
  548702 1828
    8509 1828
   96239 1828
  186867 1829
   65230 1829
  706057 1829
   44769 1830
    6741 1830
  139956 1831
  298461 1831
   34162 1831
   41783 1831
   63689 1831
    8502 1831
   11032 1832
   14721 1832
 1526606 1832
  409848 1832
   51116 1832
   10617 1833
   13358 1833
   15716 1833
   17725 1833
   19834 1833
   21555 1833
 2587129 1833
   26006 1833
   31903 1833
   32703 1833
  103504 1834
   12463 1834
   13002 1834
   14073 1834
   17380 1834
  196631 1834
   20650 1834
   29044 1834
   37798 1834
   40407 1834
   42043 1834
   45833 1834
   46718 1834
   60669 1834
   64997 1834
   14635 1835
   15084 1835
   11015 1836
   13843 1836
   14250 1836
   21135 1836
   22606 1836
  246641 1836
   26148 1836
 2673147 1836
   33608 1836
   42099 1836
   66568 1836
 1187875 1837
   13580 1837
   16035 1837
   16060 1837
   18950 1837
   21603 1837
   24422 1837
   27338 1837
   78497 1837
   10155 1838
   11172 1838
   13007 1838
   13545 1838
   14457 1838
   14612 1838
 1838349 1838
   18423 1838
  199487 1838
   20424 1838
   27648 1838
   30335 1838
  550659 1838
    8595 1838
    9147 1838
   10299 1839
   11167 1839
  116153 1839
   12610 1839
   13221 1839
   13323 1839
   14067 1839
   14311 1839
  150973 1839
   15826 1839
  188554 1839
   20767 1839
   23796 1839
   25983 1839
   29366 1839
   38858 1839
   39975 1839
  429485 1839
  506989 1839
   50797 1839
    8434 1839
    9225 1839
    9225 1839
   10747 1840
   11114 1840
   11280 1840
   11389 1840
  114959 1840
   11633 1840
   11839 1840
   12334 1840
   12528 1840
   12849 1840
   13057 1840
   13230 1840
   13724 1840
   13829 1840
   14474 1840
   14823 1840
   15089 1840
   16772 1840
   17155 1840
   17459 1840
   17572 1840
  181906 1840
   18225 1840
  187178 1840
   20308 1840
  234122 1840
   25701 1840
   47866 1840
   52038 1840
    6898 1840
    6966 1840
    9350 1840
   11246 1841
   11563 1841
   13991 1841
   14652 1841
   15437 1841
   15798 1841
   16735 1841
   16843 1841
   18631 1841
  195800 1841
   20701 1841
   25416 1841
   27053 1841
   59061 1841
    7073 1841
   11936 1842
   14827 1842
   19770 1842
   20843 1842
   23758 1842
   26962 1842
    6924 1842
  697211 1842
   71021 1842
   72147 1842
   12730 1843
   14632 1843
   15119 1843
   34740 1843
   68203 1843
   80252 1843
 1251583 1844
   12592 1844
    2931 1844
   89149 1844
   12022 1845
   21662 1845
  488571 1845
   66309 1845
  111326 1847
   11465 1847
  218955 1847
   63238 1847
  813547 1847
  931569 1847
   10946 1848
   10975 1848
   12625 1848
   14054 1848
   14876 1848
   14879 1848
 1586247 1848
   18357 1848
   19109 1848
   28775 1848
   15642 1849
 1800806 1849
  457518 1849
   76366 1849
   11993 1850
 1438403 1850
   16956 1850
   24249 1850
    7714 1850
    5203 1851
   17933 1853
   20222 1853
   24059 1853
   25186 1853
   25848 1853
   29254 1853
   30682 1853
   38116 1853
    7972 1853
    9089 1853
   13232 1854
   16063 1854
   33536 1855
   43817 1855
   44463 1855
   52786 1855
   57584 1855
   31483 1856
   43590 1856
   44087 1856
   51125 1856
   68008 1856
    9555 1856
   46111 1857
   48434 1857
   58364 1857
   62191 1857
   11768 1858
   13263 1858
   48332 1858
   50100 1858
   51047 1858
   75410 1858
   12923 1859
   15768 1859
   15843 1859
   42559 1859
   51987 1859
   61066 1859
   68817 1859
   19951 1860
  320783 1860
 1019741 1861
  151463 1861
   15239 1861
   91207 1861
   10419 1862
   11973 1863
   12568 1863
   14730 1863
  160065 1864
   66846 1864
    8124 1864
    8538 1864
    9336 1864
   15490 1865
  160202 1865
  251555 1865
   12255 1866
   12699 1866
   15104 1866
  318616 1866
   33885 1866
   11981 1867
   12091 1868
 1245772 1868
  326861 1868
   43454 1868
   44349 1868
   44639 1868
   44943 1868
   45278 1868
   47011 1868
   49320 1868
   49409 1868
   51097 1868
   52067 1868
   52116 1868
   52910 1868
   53916 1868
   57860 1868
   59484 1868
   62371 1868
   63491 1868
   69351 1868
   70200 1868
   76839 1868
    9523 1868
   10046 1869
   10171 1869
    8843 1869
    9241 1869
    9569 1869
   11463 1870
  490155 1870
   10051 1871
    9985 1871
