#####################################
    #  plotting for reference 1 Mos 2,7
    1807 0 0 0
      1808 0 0 0
      1809 0 0 0
      1810 0 0 0
      1811 4 4 0
      1812 0 0 0
      1813 1 0 1
      1814 0 0 0
      1815 3 1 2
      1816 0 0 0
      1817 3 0 3
      1818 0 0 0
      1819 2 2 0
      1820 0 0 0
      1822 0 0 0
      1823 0 0 0
      1824 0 0 0
      1825 1 1 0
      1826 2 0 2
      1827 2 0 2
      1828 5 5 0
      1829 0 0 0
      1831 0 0 0
      1832 10 10 0
      1833 6 4 2
      1834 0 0 0
      1835 0 0 0
      1836 1 0 1
      1837 4 4 0
      1838 0 0 0
      1839 10 10 0
      1840 3 1 2
      1841 2 2 0
      1842 5 5 0
      1844 0 0 0
      1845 0 0 0
      1847 0 0 0
      1848 0 0 0
      1849 0 0 0
      1855 0 0 0
      1856 0 0 0
      1857 1 0 1
      1858 1 0 1
      1859 0 0 0
      1860 0 0 0
      1861 0 0 0
      1866 1 1 0
      1870 0 0 0
      