#####################################
    #  plotting for reference 1 Mos 1,27
    1807 0 0 0
      1808 0 0 0
      1809 0 0 0
      1810 0 0 0
      1811 0 0 0
      1812 0 0 0
      1813 0 0 0
      1814 0 0 0
      1815 1 0 1
      1816 1 0 1
      1817 7 0 7
      1818 0 0 0
      1819 0 0 0
      1820 0 0 0
      1823 0 0 0
      1824 0 0 0
      1825 0 0 0
      1826 2 0 2
      1827 0 0 0
      1828 0 0 0
      1829 0 0 0
      1831 0 0 0
      1832 0 0 0
      1833 0 0 0
      1834 0 0 0
      1836 3 0 3
      1837 0 0 0
      1838 0 0 0
      1839 0 0 0
      1840 2 0 2
      1841 0 0 0
      1842 1 0 1
      1844 2 0 2
      1845 0 0 0
      1847 0 0 0
      1848 1 0 1
      1855 1 0 1
      1856 0 0 0
      1857 19 0 19
      1858 11 0 11
      1859 2 0 2
      1860 0 0 0
      1861 0 0 0
      1866 0 0 0
      1870 0 0 0
      