#####################################
    #  plotting for reference 1 Mos 2,7
    1810 0 0 0
      1811 0 0 0
      1812 0 0 0
      1813 0 0 0
      1814 0 0 0
      1815 0 0 0
      1816 0 0 0
      1817 0 0 0
      1818 0 0 0
      1819 2 2 0
      1820 0 0 0
      1822 0 0 0
      1823 0 0 0
      1824 0 0 0
      1825 1 1 0
      1826 0 0 0
      1828 5 5 0
      1829 0 0 0
      1831 0 0 0
      1832 10 10 0
      1833 4 4 0
      1834 0 0 0
      1835 0 0 0
      1836 0 0 0
      1837 4 4 0
      1838 0 0 0
      1839 10 10 0
      1840 1 1 0
      1841 2 2 0
      1842 3 3 0
      1845 0 0 0
      1847 0 0 0
      1849 0 0 0
      1866 1 1 0
      