#####################################
    #  plotting for reference 1 Kor 13,12
    1807 0 0 0
      1808 0 0 0
      1809 0 0 0
      1810 0 0 0
      1811 4 3 1
      1812 1 0 1
      1813 2 0 2
      1814 6 0 6
      1815 7 5 2
      1816 6 0 6
      1817 10 1 8
      1818 0 0 0
      1819 0 0 0
      1820 0 0 0
      1822 0 0 0
      1823 0 0 0
      1824 3 3 0
      1825 0 0 0
      1826 1 0 1
      1827 1 0 0
      1828 1 1 0
      1829 2 2 0
      1831 0 0 0
      1832 0 0 0
      1833 0 0 0
      1834 0 0 0
      1835 0 0 0
      1836 0 0 0
      1837 2 2 0
      1838 0 0 0
      1839 0 0 0
      1840 1 1 0
      1841 1 1 0
      1842 2 2 0
      1844 2 2 0
      1845 0 0 0
      1847 0 0 0
      1848 0 0 0
      1849 0 0 0
      1855 0 0 0
      1856 0 0 0
      1857 0 0 0
      1858 1 0 1
      1859 1 0 1
      1860 0 0 0
      1861 0 0 0
      1866 0 0 0
      1870 0 0 0
      