#####################################
    #  plotting for reference 1 Kor 13,13
    1807 0 0 0
      1808 0 0 0
      1809 0 0 0
      1810 0 0 0
      1811 1 0 1
      1812 1 0 1
      1813 1 0 1
      1814 0 0 0
      1815 0 0 0
      1816 0 0 0
      1817 1 0 1
      1818 0 0 0
      1819 0 0 0
      1820 0 0 0
      1823 0 0 0
      1824 0 0 0
      1825 0 0 0
      1826 1 0 1
      1827 0 0 0
      1828 1 0 1
      1829 0 0 0
      1831 1 0 1
      1832 0 0 0
      1833 0 0 0
      1834 0 0 0
      1836 0 0 0
      1837 0 0 0
      1838 0 0 0
      1839 2 0 2
      1840 0 0 0
      1841 0 0 0
      1842 0 0 0
      1844 0 0 0
      1845 0 0 0
      1847 0 0 0
      1848 1 0 1
      1855 0 0 0
      1856 0 0 0
      1857 0 0 0
      1858 20 0 20
      1859 0 0 0
      1860 1 0 1
      1861 0 0 0
      1866 0 0 0
      1870 0 0 0
      