#####################################
    #  plotting for reference 1 Kor 13,12
    1810 0 0 0
      1811 2 2 0
      1812 0 0 0
      1813 0 0 0
      1814 0 0 0
      1815 0 0 0
      1816 0 0 0
      1817 1 1 0
      1818 0 0 0
      1819 0 0 0
      1820 0 0 0
      1822 0 0 0
      1823 0 0 0
      1824 3 3 0
      1825 0 0 0
      1826 0 0 0
      1828 1 1 0
      1829 2 2 0
      1831 0 0 0
      1832 0 0 0
      1833 0 0 0
      1834 0 0 0
      1835 0 0 0
      1836 0 0 0
      1837 2 2 0
      1838 0 0 0
      1839 0 0 0
      1840 1 1 0
      1841 1 1 0
      1842 0 0 0
      1845 0 0 0
      1847 0 0 0
      1849 0 0 0
      1866 0 0 0
      