#####################################
    #  plotting for reference Matt 16,18
    1807 0 0 0
      1808 0 0 0
      1809 0 0 0
      1810 0 0 0
      1811 0 0 0
      1812 5 0 5
      1813 0 0 0
      1814 2 0 2
      1815 0 0 0
      1816 1 0 1
      1817 5 0 5
      1818 0 0 0
      1819 0 0 0
      1820 0 0 0
      1823 0 0 0
      1824 0 0 0
      1825 5 0 5
      1826 8 0 8
      1827 0 0 0
      1828 1 0 1
      1829 1 0 1
      1831 1 0 1
      1832 0 0 0
      1833 2 0 2
      1834 2 0 2
      1836 0 0 0
      1837 0 0 0
      1838 0 0 0
      1839 0 0 0
      1840 0 0 0
      1841 0 0 0
      1842 0 0 0
      1844 0 0 0
      1845 0 0 0
      1847 0 0 0
      1848 0 0 0
      1855 2 0 2
      1856 0 0 0
      1857 1 0 1
      1858 0 0 0
      1859 1 0 1
      1860 4 0 4
      1861 0 0 0
      1866 0 0 0
      1870 0 0 0
      