#####################################
    #  plotting for reference Matt 16,18
    1807 0
      1808 0
      1809 0
      1810 0
      1811 0
      1812 5
      1813 0
      1814 10
      1815 0
      1816 1
      1817 5
      1818 0
      1819 0
      1820 0
      1822 0
      1823 0
      1824 0
      1825 5
      1826 8
      1827 0
      1828 1
      1829 2
      1831 2
      1832 2
      1833 3
      1834 5
      1835 0
      1836 2
      1837 0
      1838 0
      1839 3
      1840 0
      1841 1
      1842 3
      1844 0
      1845 0
      1847 0
      1848 0
      1849 0
      1855 3
      1856 0
      1857 1
      1858 0
      1859 1
      1860 5
      1861 0
      1866 0
      1870 0
      