#####################################
    #  plotting for reference Joh 6,63
    1807 0 0 0
      1808 0 0 0
      1809 0 0 0
      1810 0 0 0
      1811 0 0 0
      1812 0 0 0
      1813 1 0 1
      1814 0 0 0
      1815 0 0 0
      1816 0 0 0
      1817 3 0 3
      1818 0 0 0
      1819 0 0 0
      1820 0 0 0
      1823 0 0 0
      1824 0 0 0
      1825 0 0 0
      1826 6 0 6
      1827 0 0 0
      1828 1 0 1
      1829 1 0 1
      1831 0 0 0
      1832 0 0 0
      1833 0 0 0
      1834 0 0 0
      1836 1 0 1
      1837 0 0 0
      1838 0 0 0
      1839 0 0 0
      1840 2 0 2
      1841 0 0 0
      1842 1 0 1
      1844 0 0 0
      1845 0 0 0
      1847 0 0 0
      1848 0 0 0
      1855 1 0 1
      1856 1 0 1
      1857 1 0 1
      1858 0 0 0
      1859 1 0 1
      1860 1 0 1
      1861 0 0 0
      1866 0 0 0
      1870 0 0 0
      