1804	0	147
      1806	423	980
      1807	2058	6583
      1808	4797	8725
      1809	12065	5096
      1810	7531	4647
      1811	18963	5033
      1812	2081	20334
      1813	1311	5535
      1814	14321	10331
      1815	29377	17172
      1816	10272	12657
      1817	11281	43165
      1818	4075	11775
      1819	1907	4233
      1820	11098	3706
      1822	262	1
      1823	1243	321
      1824	8146	1229
      1825	1387	5158
      1826	5623	19677
      1827	2	7512
      1828	2915	12247
      1829	8020	5753
      1830	15	257
      1831	56	6090
      1832	10046	25766
      1833	1957	50374
      1834	4108	7717
      1835	144	155
      1836	1996	63478
      1837	1267	1668
      1838	11552	32332
      1839	12220	13794
      1840	9967	7978
      1841	2936	4709
      1842	13346	6441
      1843	455	1398
      1844	1136	28408
      1845	340	11789
      1847	16910	27272
      1848	6500	28302
      1849	699	443
      1850	262	220
      1855	0	3679
      1856	56	3924
      1857	0	3987
      1858	0	4563
      1859	145	4673
      1860	10	8197
      1861	10600	13452
      1862	76	1
      1865	3	113
      1866	935	175
      1867	5	78
      1868	0	91
      1869	178	79
      1870	25	50
      1871	0	32
      